,n1,n2,n3,n4,n5,n6,bonus
0,5,11,14,27,29,36,44
1,5,12,17,29,34,35,27
2,4,12,24,33,38,45,22
3,8,10,23,24,35,43,37
4,3,4,12,14,25,43,17
5,8,24,28,35,38,40,5
6,2,8,13,25,28,37,3
7,9,10,13,24,33,38,28
8,2,5,6,13,28,44,43
9,8,13,14,30,38,39,5
10,20,30,36,38,41,45,23
11,6,8,28,33,38,39,22
12,2,8,15,22,25,41,30
13,14,21,29,31,32,37,17
14,2,7,12,15,21,34,5
15,6,7,10,16,38,41,4
16,7,18,30,39,40,41,36
17,8,17,27,33,40,44,24
18,2,12,14,33,40,41,25
19,3,5,14,20,42,44,33
20,5,7,9,11,32,35,33
21,5,7,20,22,37,42,39
22,5,12,14,32,34,42,16
23,16,17,22,31,34,37,33
24,10,11,15,25,35,41,13
25,2,8,20,30,33,34,6
26,14,15,16,19,25,43,2
27,2,4,20,34,35,43,14
28,3,13,18,33,37,45,1
29,11,18,21,26,38,43,29
30,1,12,26,27,29,33,42
31,3,6,13,23,24,35,1
32,1,3,17,20,31,44,40
33,1,10,15,16,32,41,28
34,4,5,6,25,26,43,41
35,4,10,18,27,40,45,38
36,14,19,25,26,27,34,2
37,5,10,16,17,31,32,21
38,4,11,13,17,20,31,33
39,5,7,18,37,42,45,20
40,1,4,20,23,29,45,28
41,11,12,25,32,44,45,23
42,12,15,19,26,40,43,29
43,4,20,26,28,35,40,31
44,12,20,23,28,30,44,43
45,11,17,21,24,26,36,12
46,13,14,17,32,41,42,6
47,2,7,17,28,29,39,37
48,1,10,20,32,35,40,43
49,3,6,20,24,27,44,25
50,1,7,14,20,34,37,41
51,29,31,35,38,40,44,17
52,1,12,13,21,32,45,14
53,6,7,15,22,34,39,28
54,8,17,20,27,37,43,6
55,4,24,25,27,34,35,2
56,5,17,21,25,36,44,10
57,13,18,26,31,34,44,12
58,5,6,19,26,41,45,34
59,8,13,26,28,32,34,43
60,3,12,13,15,34,36,14
61,3,19,22,31,42,43,26
62,6,10,18,31,32,34,11
63,12,23,26,30,36,43,11
64,7,8,18,32,37,43,12
65,11,12,14,15,18,39,34
66,10,24,26,29,37,38,32
67,9,14,15,17,31,33,23
68,16,17,23,24,29,44,3
69,1,5,9,21,27,35,45
70,16,23,27,29,33,41,22
71,18,20,24,27,31,42,39
72,5,17,25,31,39,40,10
73,1,12,22,32,33,42,38
74,7,14,17,20,35,39,31
75,11,23,26,29,39,44,22
76,10,11,29,38,41,45,21
77,1,4,37,38,40,45,7
78,4,5,13,14,37,41,11
79,3,7,18,29,32,36,19
80,4,22,27,28,38,40,1
81,6,8,13,16,30,43,3
82,14,23,30,32,34,38,6
83,1,9,12,28,36,41,10
84,2,8,23,41,43,44,30
85,2,11,12,15,23,37,8
86,1,15,20,26,35,42,9
87,5,8,21,23,27,33,12
88,4,5,9,13,26,27,1
89,3,7,14,23,26,42,24
90,12,29,32,33,39,40,42
91,12,25,29,35,42,43,24
92,5,27,31,34,35,43,37
93,12,13,32,33,40,41,4
94,6,9,11,22,24,30,31
95,7,20,22,25,38,40,44
96,6,14,22,26,43,44,31
97,1,5,27,30,34,36,40
98,6,22,28,32,34,40,26
99,1,4,10,17,31,42,2
100,3,4,12,20,24,34,41
101,5,20,23,27,35,40,43
102,13,14,24,32,39,41,3
103,19,20,23,24,43,44,13
104,4,13,20,29,36,41,39
105,4,13,22,27,34,44,6
106,5,7,8,15,30,43,22
107,20,22,26,33,36,37,25
108,22,27,31,35,37,40,42
109,8,17,35,36,39,42,4
110,2,7,26,29,40,43,42
111,2,4,8,15,20,27,11
112,2,8,17,30,31,38,25
113,4,8,25,27,37,41,21
114,1,2,23,25,38,40,43
115,17,22,26,27,36,39,20
116,1,3,27,28,32,45,11
117,12,15,19,22,28,34,5
118,1,10,16,24,25,35,43
119,3,4,23,29,40,41,20
120,3,5,10,17,30,31,16
121,8,23,25,27,35,44,24
122,18,29,30,37,39,43,8
123,14,25,29,32,33,45,37
124,9,12,13,15,37,38,27
125,1,9,14,16,21,29,3
126,4,13,18,31,33,45,43
127,8,13,20,22,23,36,34
128,16,25,26,31,36,43,44
129,6,13,29,37,39,41,43
130,10,16,20,39,41,42,27
131,4,21,22,34,37,38,33
132,8,13,15,28,37,43,17
133,2,12,14,17,24,40,39
134,4,10,13,23,32,44,20
135,1,8,11,13,22,38,31
136,6,12,15,34,42,44,4
137,23,29,31,33,34,44,40
138,3,20,24,32,37,45,4
139,11,18,26,31,37,40,43
140,8,11,28,30,43,45,41
141,4,6,10,14,25,40,12
142,4,9,10,32,36,40,18
143,8,10,18,23,27,40,33
144,1,7,12,18,23,27,44
145,4,19,20,26,30,35,24
146,13,25,27,34,38,41,10
147,12,24,33,38,40,42,30
148,8,10,18,30,32,34,27
149,12,15,20,24,30,38,29
150,6,14,19,21,23,31,13
151,3,10,20,26,35,43,36
152,3,7,13,27,40,41,36
153,2,7,8,9,17,33,34
154,1,11,12,14,26,35,6
155,13,20,21,30,39,45,32
156,11,13,23,35,43,45,17
157,4,6,10,19,20,44,14
158,25,27,29,36,38,40,41
159,1,23,28,30,34,35,9
160,10,22,28,34,36,44,2
161,17,20,30,31,37,40,25
162,6,12,20,26,29,38,45
163,11,16,29,38,41,44,21
164,9,14,20,22,33,34,28
165,8,16,26,30,38,45,42
166,3,13,20,24,33,37,35
167,19,23,29,33,35,43,27
168,2,3,5,11,27,39,33
169,18,22,25,31,38,45,6
170,1,3,16,18,30,34,44
171,3,23,28,34,39,42,16
172,12,16,19,22,37,40,8
173,6,7,15,24,28,30,21
174,4,17,18,27,39,43,19
175,8,10,14,27,33,38,3
176,10,11,26,31,34,44,30
177,1,17,27,28,29,40,5
178,8,15,19,21,34,44,12
179,6,11,26,27,28,44,30
180,4,9,10,29,31,34,27
181,2,11,13,14,28,30,7
182,11,13,15,26,28,34,31
183,4,5,14,20,22,43,44
184,5,6,8,11,22,26,44
185,7,17,20,26,30,40,24
186,2,14,15,22,23,44,43
187,2,9,15,23,34,40,3
188,4,7,39,41,42,45,40
189,11,14,22,35,37,39,5
190,1,3,18,32,40,41,16
191,6,9,21,31,32,40,38
192,9,20,21,22,30,37,16
193,6,7,13,16,24,25,1
194,7,12,21,24,27,36,45
195,1,2,10,25,26,44,4
196,5,20,21,24,33,40,36
197,10,14,22,24,28,37,26
198,5,9,15,19,22,36,32
199,6,12,18,31,38,43,9
200,9,21,27,34,41,43,2
201,1,2,9,17,19,42,20
202,10,15,20,23,42,44,7
203,12,13,17,22,25,33,8
204,18,20,31,34,40,45,30
205,11,15,20,26,31,35,7
206,1,13,20,22,25,28,15
207,9,16,28,40,41,43,21
208,1,3,7,8,24,42,43
209,10,11,18,22,28,39,30
210,16,17,28,37,39,40,15
211,7,16,18,20,23,26,3
212,1,8,9,17,29,32,45
213,1,26,31,34,40,43,20
214,4,7,10,19,31,40,26
215,7,12,19,21,29,32,9
216,11,22,24,32,36,38,7
217,4,15,28,33,37,40,25
218,10,15,22,24,27,42,19
219,1,5,10,12,16,20,11
220,1,2,8,17,26,37,27
221,6,10,22,31,35,40,19
222,5,22,29,31,34,39,43
223,6,22,29,37,43,45,23
224,1,11,13,24,28,40,7
225,4,8,19,25,27,45,7
226,11,13,15,17,25,34,26
227,15,26,37,42,43,45,9
228,8,11,14,16,18,21,13
229,7,9,15,26,27,42,18
230,16,18,24,42,44,45,17
231,17,20,35,36,41,43,21
232,11,21,24,30,39,45,26
233,3,22,25,29,32,44,19
234,5,12,19,26,27,44,38
235,5,15,21,25,26,30,31
236,2,5,7,14,16,40,4
237,11,12,14,21,32,38,6
238,2,3,22,27,30,40,29
239,5,10,16,24,27,35,33
240,4,16,23,25,35,40,27
241,1,10,19,20,24,40,23
242,1,9,10,12,21,40,37
243,10,14,18,21,36,37,5
244,2,8,14,25,29,45,24
245,5,8,29,30,35,44,38
246,14,19,36,43,44,45,1
247,11,16,19,22,29,36,26
248,5,16,17,20,26,41,24
249,5,25,27,29,34,36,33
250,1,8,18,24,29,33,35
251,5,13,14,20,24,25,36
252,3,14,17,20,24,31,34
253,3,8,13,27,32,42,10
254,5,13,14,22,44,45,33
255,15,20,23,29,39,42,2
256,1,2,15,28,34,45,38
257,1,10,17,29,31,43,15
258,1,13,14,33,34,43,25
259,1,8,19,34,39,43,41
260,18,24,26,29,34,38,32
261,6,8,14,21,30,37,45
262,2,13,34,38,42,45,16
263,1,5,14,18,32,37,4
264,3,5,20,34,35,44,16
265,5,9,16,23,26,45,21
266,13,15,21,29,39,43,33
267,5,14,27,30,39,43,35
268,16,17,34,36,42,45,3
269,4,9,14,26,31,44,39
270,3,4,16,17,19,20,23
271,9,17,19,30,35,42,4
272,1,6,9,16,17,28,24
273,6,12,13,17,32,44,24
274,16,23,25,33,36,39,40
275,7,17,20,32,44,45,33
276,2,4,21,25,33,36,17
277,10,14,15,32,36,42,3
278,9,18,29,32,38,43,20
279,12,18,20,21,25,34,42
280,16,19,23,25,41,45,3
281,5,8,22,28,33,42,37
282,2,17,19,20,34,45,21
283,3,10,11,22,36,39,8
284,10,11,21,27,31,39,43
285,1,13,33,35,43,45,23
286,15,17,19,34,38,41,2
287,9,17,34,35,43,45,2
288,2,3,5,6,12,20,25
289,4,12,24,27,28,32,10
290,1,5,19,28,34,41,16
291,1,2,5,11,18,36,22
292,14,15,17,19,37,45,40
293,5,15,21,23,25,45,12
294,4,18,23,30,34,41,19
295,7,8,18,21,23,39,9
296,4,10,16,26,33,41,38
297,2,14,17,30,38,45,43
298,13,19,20,32,38,42,4
299,7,11,13,33,37,43,26
300,7,9,10,12,26,38,39
301,1,3,20,25,36,45,24
302,5,9,27,29,37,40,19
303,6,11,19,20,28,32,34
304,3,8,15,27,30,45,44
305,1,4,12,16,18,38,8
306,6,10,17,30,37,38,40
307,1,9,17,21,29,33,24
308,17,18,31,32,33,34,10
309,3,7,8,18,20,42,45
310,8,13,18,32,39,45,7
311,3,14,33,37,38,42,10
312,1,12,17,28,35,41,10
313,6,12,24,27,35,37,41
314,1,15,19,40,42,44,17
315,13,33,37,40,41,45,2
316,2,7,15,24,30,45,28
317,6,8,18,31,38,45,42
318,2,5,10,18,31,32,30
319,1,3,4,6,14,41,12
320,10,11,23,24,36,37,35
321,7,16,31,36,37,38,11
322,3,11,37,39,41,43,13
323,10,12,13,15,25,29,20
324,4,15,21,33,39,41,25
325,14,19,20,35,38,40,26
326,13,14,15,26,35,39,25
327,1,8,24,31,34,44,6
328,7,9,12,27,39,43,28
329,3,8,9,27,29,40,36
330,5,9,12,20,21,26,27
331,5,18,20,36,42,43,32
332,3,10,19,24,32,45,12
333,7,8,24,34,36,41,1
334,3,4,9,11,22,42,37
335,5,9,34,37,38,39,12
336,9,16,27,36,41,44,5
337,1,27,28,32,37,40,18
338,9,12,24,25,29,31,36
339,6,11,16,18,31,43,2
340,7,12,15,24,37,40,43
341,4,5,14,35,42,45,34
342,14,27,30,31,38,40,17
343,6,13,27,31,32,37,4
344,4,11,14,21,23,43,32
345,1,5,6,24,27,42,32
346,1,5,19,20,24,30,27
347,8,19,25,31,34,36,33
348,14,23,26,31,39,45,28
349,6,7,19,25,28,38,45
350,19,23,30,37,43,45,38
351,3,8,27,31,41,44,11
352,3,8,17,23,38,45,13
353,12,15,28,36,39,40,13
354,13,18,21,23,26,39,15
355,9,11,27,31,32,38,22
356,13,16,25,36,37,38,19
357,2,12,17,19,28,42,34
358,4,19,20,21,32,34,43
359,2,16,24,27,28,35,21
360,6,10,16,40,41,43,21
361,11,15,24,39,41,44,7
362,2,4,15,28,31,34,35
363,1,11,17,21,24,44,33
364,1,4,8,13,37,39,7
365,21,22,26,27,31,37,8
366,13,21,22,24,26,37,4
367,4,6,13,17,28,40,39
368,8,9,10,12,24,44,35
369,5,10,19,31,44,45,27
370,5,11,14,29,32,33,12
371,4,5,9,11,23,38,35
372,17,25,35,36,39,44,23
373,4,5,15,16,22,42,2
374,2,6,8,14,21,22,34
375,5,11,13,19,31,36,7
376,4,19,26,27,30,42,7
377,1,3,18,20,26,27,38
378,5,7,28,29,39,43,44
379,2,20,33,35,37,40,10
380,5,11,19,21,34,43,31
381,4,11,20,26,35,37,16
382,1,8,14,18,29,44,20
383,16,20,27,33,35,39,38
384,7,16,17,33,36,40,1
385,2,3,7,15,43,44,4
386,5,7,20,25,28,37,32
387,2,3,4,5,20,24,42
388,11,12,18,21,31,38,8
389,12,13,17,20,33,41,8
390,10,19,22,23,25,37,39
391,2,7,18,20,24,33,37
392,14,25,31,34,40,44,24
393,3,11,14,31,32,37,38
394,1,2,3,15,20,25,43
395,1,3,21,29,35,37,30
396,3,12,14,35,40,45,5
397,1,3,11,24,30,32,7
398,12,14,27,33,39,44,17
399,3,11,24,38,39,44,26
400,5,6,13,14,17,20,7
401,14,21,22,25,30,36,43
402,12,19,20,25,41,45,2
403,7,12,16,34,42,45,4
404,35,36,37,41,44,45,30
405,7,10,19,22,35,40,31
406,15,20,23,26,39,44,28
407,6,14,18,26,36,39,13
408,4,8,11,18,37,45,33
409,5,6,24,25,32,37,8
410,8,14,18,30,31,44,15
411,8,14,32,35,37,45,28
412,19,24,27,30,31,34,36
413,1,2,8,18,29,38,42
414,4,10,14,19,21,45,9
415,1,2,4,8,19,38,14
416,1,2,6,16,20,33,41
417,2,18,24,34,40,42,5
418,13,15,27,29,34,40,35
419,14,21,23,32,40,45,44
420,2,15,20,21,29,34,22
421,5,9,17,25,39,43,32
422,1,5,11,12,18,23,9
423,1,10,13,16,37,43,6
424,4,17,30,32,33,34,15
425,19,26,28,31,33,36,17
426,13,14,18,22,35,39,16
427,3,9,24,30,33,34,18
428,4,19,21,24,26,41,35
429,4,16,25,29,34,35,1
430,2,11,13,15,31,42,10
431,16,27,35,37,43,45,19
432,3,10,31,40,42,43,30
433,24,27,28,30,36,39,4
434,9,12,27,36,39,45,14
435,5,13,18,19,22,42,31
436,6,9,10,11,39,41,27
437,7,11,26,28,29,44,16
438,1,5,21,25,38,41,24
439,22,34,36,40,42,45,44
440,3,7,8,34,39,41,1
441,1,18,30,41,42,43,32
442,4,9,13,18,21,34,7
443,19,26,30,33,35,39,37
444,5,18,28,30,42,45,2
445,16,19,20,32,33,41,4
446,6,19,21,35,40,45,20
447,3,8,11,12,13,36,33
448,1,5,13,26,29,34,43
449,1,2,10,13,18,19,15
450,2,18,25,28,37,39,16
451,2,11,21,34,41,42,27
452,21,25,33,34,35,36,17
453,4,6,13,21,40,42,36
454,2,19,27,35,41,42,25
455,2,3,13,20,27,44,9
456,4,15,17,26,36,37,43
457,26,27,28,42,43,45,8
458,12,16,30,34,40,44,19
459,8,12,29,31,42,43,2
460,3,13,17,18,19,28,8
461,9,11,15,20,28,43,13
462,10,11,27,28,37,39,19
463,7,9,20,25,36,39,15
464,2,16,30,36,41,42,11
465,6,14,22,28,35,39,16
466,3,12,20,23,31,35,43
467,4,7,15,18,23,26,13
468,3,17,23,34,41,45,43
469,8,10,11,14,15,21,37
470,7,19,24,27,42,45,31
471,19,23,25,28,38,42,17
472,12,30,34,36,37,45,39
473,3,5,10,29,32,43,35
474,7,20,22,27,40,43,1
475,2,8,32,33,35,36,18
476,4,16,23,25,29,42,1
477,7,17,18,28,30,45,27
478,1,11,16,17,36,40,8
479,12,28,30,34,38,43,9
480,4,6,10,11,32,37,30
481,3,11,13,14,17,21,38
482,3,4,10,17,19,22,38
483,5,10,22,34,36,44,35
484,2,4,25,31,34,37,17
485,1,2,6,9,25,28,31
486,11,14,19,26,28,41,2
487,4,9,28,33,36,45,26
488,26,29,30,33,41,42,43
489,7,18,31,33,36,40,27
490,7,20,22,23,29,43,1
491,1,5,34,36,42,44,33
492,7,18,22,23,29,44,12
493,1,4,5,6,9,31,17
494,4,10,12,22,24,33,29
495,8,10,20,34,41,45,28
496,17,32,33,34,42,44,35
497,5,14,15,27,30,45,10
498,17,22,24,26,35,40,42
499,1,3,17,32,35,45,8
500,1,7,11,23,37,42,6
501,1,3,10,27,29,37,11
502,6,9,16,23,24,32,43
503,6,7,14,15,20,36,3
504,1,3,8,21,22,31,20
505,8,17,27,31,34,43,14
506,5,32,34,40,41,45,6
507,6,22,24,36,38,44,19
508,3,14,24,33,35,36,17
509,1,21,24,26,29,42,27
510,17,20,29,35,38,44,10
511,4,26,28,29,33,40,37
512,1,17,20,24,30,41,27
513,4,12,16,23,34,43,26
514,2,12,37,39,41,45,33
515,6,8,13,23,31,36,21
516,16,23,27,34,42,45,11
517,6,10,15,17,19,34,14
518,1,2,3,14,27,42,39
519,5,7,11,13,20,33,6
520,17,18,24,25,26,30,1
521,3,12,24,27,30,32,14
522,10,13,25,29,33,35,38
523,2,18,29,32,43,44,37
524,1,3,15,22,25,37,43
525,2,5,24,32,34,44,28
526,6,15,17,18,35,40,23
527,3,12,18,32,40,43,38
528,2,4,11,17,26,27,1
529,5,9,12,16,29,41,21
530,5,19,22,25,28,43,26
531,5,8,14,15,19,39,35
532,10,12,15,16,26,39,38
533,3,7,10,15,36,38,33
534,2,3,7,17,22,24,45
535,4,25,33,36,40,43,39
536,14,15,18,21,26,36,39
537,3,20,23,36,38,40,5
538,3,8,15,27,29,35,21
539,14,15,19,30,38,43,8
540,2,8,25,36,39,42,11
541,6,29,36,39,41,45,13
542,10,24,25,33,40,44,1
543,7,10,16,25,29,44,6
544,10,14,30,31,33,37,19
545,17,21,31,37,40,44,7
546,1,8,21,27,36,39,37
547,7,8,14,32,33,39,42
548,2,4,15,16,20,29,1
549,2,3,11,16,26,44,35
550,2,10,12,15,22,44,1
551,4,7,16,19,33,40,30
552,6,10,18,26,37,38,3
553,14,17,26,31,36,45,27
554,8,13,15,23,31,38,39
555,1,10,20,27,33,35,17
556,3,11,21,30,38,45,39
557,6,31,35,38,39,44,1
558,17,18,19,21,23,32,1
559,13,20,23,35,38,43,34
560,7,13,18,19,25,26,6
561,6,7,13,15,21,43,8
562,16,17,22,30,37,43,36
563,7,27,30,33,35,37,42
564,1,10,23,26,28,40,31
565,2,3,11,26,37,43,39
566,9,26,35,37,40,42,2
567,4,7,32,33,40,41,9
568,6,14,19,25,34,44,11
569,7,9,18,23,28,35,32
570,8,17,20,35,36,44,4
571,1,5,13,34,39,40,11
572,9,18,23,25,35,37,1
573,1,20,26,28,37,43,27
574,4,5,7,18,20,25,31
575,2,4,21,26,43,44,16
576,7,8,27,29,36,43,6
577,5,13,17,18,33,42,44
578,4,5,6,8,17,39,25
579,6,12,17,18,31,32,21
580,10,14,18,20,23,30,41
581,6,30,38,39,40,43,26
582,3,12,13,19,32,35,29
583,3,4,9,17,32,37,1
584,6,7,24,37,38,40,33
585,3,4,16,30,31,37,13
586,2,6,12,31,33,40,15
587,22,23,25,37,38,42,26
588,2,11,21,25,39,45,44
589,1,7,36,37,41,42,14
590,9,25,30,33,41,44,6
591,2,4,16,17,36,39,14
592,8,19,25,34,37,39,9
593,2,9,16,25,26,40,42
594,14,15,26,27,40,42,34
595,16,24,29,40,41,42,3
596,14,27,30,31,40,42,2
597,11,16,19,21,27,31,30
598,9,13,21,25,32,42,2
599,10,23,29,33,37,40,16
600,14,16,19,20,29,34,35
601,4,9,12,15,33,45,26
602,21,33,35,38,42,44,1
603,1,6,13,19,21,33,4
604,3,7,9,13,19,24,23
605,13,14,20,28,29,34,23
606,6,7,19,28,34,41,5
607,1,2,6,14,27,38,33
608,15,19,21,25,27,28,40
609,5,10,11,17,28,34,22
610,1,5,8,16,28,33,45
611,10,15,24,30,31,37,32
612,4,5,9,11,37,40,7
613,6,14,25,33,40,44,30
614,3,8,17,30,33,34,28
615,13,19,21,24,34,35,26
616,3,6,21,30,34,35,22
617,6,24,31,32,38,44,8
618,2,19,26,31,38,41,34
619,1,9,12,13,20,45,3
620,11,13,14,15,16,45,3
621,3,4,9,30,33,36,7
622,15,16,17,25,30,31,32
623,7,12,23,32,34,36,8
624,10,16,19,32,33,38,3
625,11,13,20,21,32,44,8
626,16,20,26,36,42,44,24
627,3,13,30,33,43,45,4
628,3,7,11,20,22,41,24
629,10,12,13,19,33,40,2
630,7,19,26,37,39,44,27
631,6,14,30,31,40,41,29
632,1,3,4,29,42,45,36
633,6,16,34,37,39,40,11
634,1,7,21,30,35,38,2
635,10,12,29,31,40,44,2
636,13,14,22,26,37,38,20
637,6,7,13,28,36,42,41
638,17,26,29,30,31,43,12
639,3,20,28,38,40,43,4
640,12,16,21,24,41,43,15
641,14,33,34,35,37,40,4
642,1,12,16,19,23,43,34
643,8,14,28,29,34,40,12
644,6,7,15,22,26,40,41
645,10,17,22,30,35,43,44
646,7,18,19,26,33,45,37
647,6,20,23,24,28,30,44
648,12,19,21,29,40,45,1
649,4,18,31,37,42,43,40
650,11,21,22,30,39,44,31
651,13,14,18,21,34,44,16
652,11,16,25,27,35,36,37
653,4,7,17,18,38,44,36
654,8,12,13,29,33,42,5
655,3,7,14,15,22,38,17
656,21,26,27,32,34,42,31
657,1,9,16,23,24,38,17
658,13,16,23,31,36,44,38
659,4,8,18,24,37,45,6
660,6,10,11,14,36,38,43
661,4,8,17,30,40,43,34
662,3,7,9,33,36,37,10
663,1,23,24,35,44,45,10
664,1,6,20,27,28,41,15
665,6,18,28,30,32,38,15
666,16,18,20,23,32,43,27
667,1,2,11,21,30,35,39
668,3,6,14,22,30,41,36
669,1,10,18,22,28,31,44
670,4,7,19,26,33,35,3
671,7,10,19,23,28,33,18
672,6,11,16,19,21,32,45
673,3,18,19,23,32,45,24
674,3,6,9,18,22,35,14
675,3,6,22,23,24,38,30
676,20,31,32,40,41,45,12
677,4,24,27,35,37,45,15
678,3,10,24,33,38,45,36
679,7,10,22,25,34,40,27
680,11,23,25,30,32,40,42
681,8,13,19,27,40,45,12
682,13,20,24,32,36,45,29
683,4,7,12,14,22,33,31
684,14,19,27,28,30,45,33
685,22,26,29,30,34,45,15
686,5,17,26,27,35,38,1
687,21,26,30,32,33,35,44
688,6,12,31,35,38,43,17
689,3,5,13,20,21,37,17
690,6,12,17,21,32,39,30
691,2,20,33,40,42,44,32
692,7,16,25,29,35,36,28
693,6,14,15,19,21,41,37
694,12,17,20,26,28,36,4
695,3,5,12,22,26,31,19
696,5,14,15,23,34,43,4
697,6,7,9,11,17,18,45
698,8,16,26,29,31,36,11
699,2,3,6,19,36,39,26
700,7,16,24,27,37,44,2
701,2,14,15,22,27,33,31
702,2,5,22,32,34,45,39
703,9,14,34,35,41,42,2
704,26,31,32,33,38,40,11
705,3,11,15,20,35,44,10
706,1,6,12,19,36,42,28
707,6,7,22,32,35,36,19
708,2,5,11,17,24,29,9
709,12,30,32,37,39,41,24
710,5,7,12,13,18,35,23
711,14,16,27,35,39,45,5
712,5,12,13,31,32,41,34
713,8,9,20,25,29,33,7
714,9,18,20,22,38,44,10
715,10,14,16,18,29,35,25
716,5,6,11,29,42,45,28
717,12,15,17,24,29,45,16
718,12,27,29,38,41,45,6
719,1,4,13,17,34,39,6
720,3,19,21,25,37,45,35
721,12,18,22,23,30,34,32
722,15,26,28,34,41,42,44
723,14,23,31,33,37,40,44
724,3,11,14,18,26,27,21
725,21,22,26,34,36,41,32
726,5,11,18,20,35,45,3
727,1,9,12,26,35,38,42
728,9,12,15,25,34,36,3
729,15,23,29,34,40,44,20
730,9,11,30,31,41,44,33
731,8,11,16,19,21,25,40
732,8,11,15,16,17,37,36
733,8,13,18,24,27,29,17
734,7,15,30,37,39,44,18
735,1,4,29,39,43,45,31
736,17,25,33,35,38,45,15
737,6,10,12,14,20,42,15
738,2,8,19,22,32,42,39
739,1,3,9,14,18,28,34
740,13,17,18,20,42,45,41
741,4,7,14,16,24,44,20
742,6,11,15,24,32,39,28
743,1,4,13,29,38,39,7
744,1,3,8,24,27,35,28
745,6,14,16,18,24,42,44
746,12,20,26,33,44,45,24
747,13,18,25,31,33,44,38
748,2,4,25,26,36,37,28
749,17,18,21,27,29,33,26
750,2,13,20,30,31,41,27
751,2,4,15,23,29,38,7
752,7,10,16,28,41,42,40
753,17,21,23,30,34,44,19
754,3,10,23,35,36,37,18
755,13,23,26,31,35,43,15
756,5,7,13,20,21,44,33
757,27,36,37,41,43,45,32
758,3,13,16,23,24,35,14
759,7,11,16,21,27,33,24
760,1,7,15,32,34,42,8
761,2,9,10,14,22,44,16
762,4,12,14,25,35,37,2
763,7,8,9,17,22,24,5
764,1,2,11,16,39,44,32
765,22,26,31,37,41,42,24
766,3,6,17,23,37,39,26
767,2,6,17,18,21,26,7
768,9,11,16,21,28,36,5
769,3,9,10,29,40,45,7
770,2,5,12,14,24,39,33
771,1,6,13,37,38,40,9
772,1,21,25,29,34,37,36
773,2,13,25,28,29,36,34
774,6,21,36,38,39,43,30
775,6,12,19,23,34,42,35
776,1,18,28,31,34,43,40
777,11,20,29,31,33,42,43
778,2,18,24,30,32,45,14
779,1,14,15,24,40,41,35
780,2,9,10,16,35,37,1
781,4,15,24,35,36,40,1
782,10,11,20,21,25,41,40
783,4,9,23,26,29,33,8
784,1,9,26,28,30,41,32
785,7,9,22,27,37,42,34
786,4,12,22,24,33,41,38
787,2,12,30,31,39,43,38
788,3,4,15,22,28,40,10
789,14,21,35,36,40,44,30
790,13,18,30,31,38,41,5
791,3,8,17,20,27,35,26
792,9,18,19,30,34,40,20
793,9,10,15,30,33,37,26
794,2,13,16,19,32,33,42
795,1,8,13,36,44,45,39
796,10,12,18,35,42,43,39
797,12,14,25,27,39,40,35
798,3,15,20,22,24,41,11
799,4,11,28,39,42,45,6
800,4,8,10,16,31,36,9
801,2,10,13,22,29,40,26
802,7,11,13,17,18,29,43
803,4,10,20,32,38,44,18
804,1,3,30,33,36,39,12
805,23,27,29,31,36,45,37
806,1,6,15,36,37,38,5
807,14,15,23,25,35,43,32
808,8,21,25,38,39,44,28
809,7,9,12,15,19,23,4
810,3,4,10,20,28,44,30
811,4,15,22,38,41,43,26
812,10,16,18,20,25,31,6
813,13,24,32,34,39,42,4
814,3,11,34,42,43,44,13
815,3,17,18,23,36,41,26
816,2,6,13,17,27,43,36
817,5,7,12,22,28,41,1
818,2,3,26,33,34,43,29
819,9,14,17,18,42,44,35
820,7,11,12,31,33,38,5
821,1,3,23,24,27,43,34
822,6,21,22,32,35,36,17
823,2,6,11,13,22,37,14
824,16,19,24,33,42,44,27
825,6,14,16,21,27,37,40
826,5,8,18,21,22,38,10
827,4,5,12,14,32,42,35
828,1,11,17,27,35,39,31
829,7,24,29,30,34,35,33
830,3,16,21,22,23,44,30
831,21,27,29,38,40,44,37
832,2,5,14,28,31,32,20
833,3,4,16,27,38,40,20
834,2,6,8,26,43,45,11
835,2,15,16,21,22,28,45
836,7,19,23,24,36,39,30
837,5,18,20,23,30,34,21
838,7,13,16,18,35,38,14
839,8,19,20,21,33,39,37
840,18,21,28,35,37,42,17
841,6,7,12,22,26,36,29
842,5,12,25,26,38,45,23
843,16,26,31,38,39,41,23
844,19,32,37,40,41,43,45
845,1,15,17,23,25,41,10
846,4,9,17,18,26,42,36
847,9,13,28,31,39,41,19
848,1,4,14,18,29,37,6
849,3,13,29,38,39,42,26
850,3,7,12,31,34,38,32
851,8,14,17,27,36,45,10
852,19,23,28,37,42,45,2
853,1,3,24,27,39,45,31
854,4,14,23,28,37,45,17
855,9,18,32,33,37,44,22
856,18,34,39,43,44,45,23
857,4,18,20,26,27,32,9
858,7,17,19,23,24,45,38
859,1,4,10,14,15,35,20
860,2,6,11,16,25,31,3
861,5,17,18,22,23,43,12
862,5,16,21,26,34,42,24
863,19,22,30,34,39,44,36
864,1,15,19,23,28,42,32
865,3,5,12,13,33,39,38
866,2,4,30,32,33,43,29
867,2,6,12,26,30,34,38
868,21,25,30,32,40,42,31
869,2,6,20,27,37,39,4
870,12,17,28,41,43,44,25
871,14,17,19,22,24,40,41
872,9,15,29,34,37,39,12
873,3,15,22,32,33,45,2
874,3,7,10,13,25,36,32
875,16,21,28,35,39,43,12
876,10,34,38,40,42,43,32
877,11,17,19,21,22,25,24
878,4,8,18,25,27,32,42
879,8,22,35,38,39,41,24
880,9,13,32,38,39,43,23
881,6,10,16,28,34,38,43
882,10,24,40,41,43,44,17
883,8,15,17,19,43,44,7
884,20,25,31,32,36,43,3
885,2,8,23,26,27,44,13
886,11,17,28,30,33,35,9
887,14,18,22,26,31,44,40
888,16,20,24,28,36,39,5
889,5,13,17,29,34,39,3
890,1,2,16,22,38,39,34
891,12,16,26,28,30,42,22
892,5,18,30,41,43,45,13
893,1,16,29,33,40,45,6
894,7,8,13,15,33,45,18
895,19,21,30,33,34,42,4
896,14,26,32,36,39,42,38
897,5,11,14,30,33,38,24
898,2,4,11,28,29,43,27
899,3,9,11,12,13,19,35
900,9,14,17,33,36,38,20
901,2,25,28,30,33,45,6
902,1,9,11,14,26,28,19
903,9,10,13,28,38,45,35
904,6,8,18,35,42,43,3
905,12,18,30,39,41,42,19
906,13,14,19,26,40,43,30
907,3,10,16,19,31,39,9
908,5,6,16,18,37,38,17
909,4,5,31,35,43,45,29
910,4,7,13,29,31,39,18
911,5,11,12,29,33,44,14
912,13,16,24,25,33,36,42
913,8,15,21,31,33,38,42
914,7,9,24,29,34,38,26
915,12,18,24,26,39,40,15
916,9,18,20,24,27,36,12
917,1,12,13,24,29,44,16
918,10,21,22,30,35,42,6
919,16,25,33,38,40,45,15
920,14,15,25,28,29,30,3
921,3,9,12,13,25,43,34
922,12,18,19,29,31,39,7
923,17,21,25,26,27,36,4
924,2,21,28,38,42,45,30
925,11,30,34,35,42,44,27
926,1,3,12,14,16,43,10
927,8,11,19,21,36,45,25
928,5,10,13,21,39,43,11
929,6,11,15,17,23,40,39
930,15,21,31,32,41,43,24
931,6,10,18,25,34,35,33
932,14,20,23,31,37,38,27
933,3,12,13,18,31,32,42
934,1,10,13,26,32,36,9
935,5,9,14,26,30,43,2
936,10,11,12,18,24,42,27
937,17,25,28,37,43,44,2
938,1,4,10,12,28,45,26
939,12,17,23,34,42,45,33
940,2,10,14,22,32,36,41
941,5,22,31,32,39,45,36
942,1,21,26,36,40,41,5
943,3,10,13,26,34,38,36
944,6,7,18,19,30,38,13
945,10,15,21,35,38,43,31
946,2,7,19,25,29,36,16
947,2,10,12,31,33,42,32
948,3,8,19,27,30,41,12
949,2,6,7,12,19,45,38
950,2,10,11,19,35,39,29
951,5,6,13,16,27,28,9
952,12,15,16,20,24,30,38
953,4,6,15,25,26,33,40
954,3,10,23,24,31,39,22
955,14,15,16,17,38,45,36
956,6,18,31,34,38,45,20
957,11,16,18,19,24,39,43
958,15,17,19,21,27,45,16
959,6,12,19,24,34,41,4
960,6,21,35,36,37,41,11
961,6,12,17,21,34,37,18
962,8,9,18,21,28,40,20
963,11,12,29,33,38,42,17
964,12,15,18,28,34,42,9
965,8,12,19,21,31,35,44
966,5,6,11,14,21,41,32
967,6,10,17,18,21,29,30
968,1,9,12,23,39,43,34
969,5,7,11,16,41,45,4
970,7,27,29,30,38,44,4
971,5,15,20,31,34,42,22
972,9,30,34,35,39,41,21
973,1,3,8,12,42,43,33
974,7,22,24,31,34,36,15
975,3,8,16,32,34,43,10
976,1,3,12,21,26,41,16
977,4,7,11,24,42,45,30
978,10,22,27,31,42,43,12
979,9,33,36,40,42,43,32
980,5,9,12,30,39,43,24
981,6,7,11,17,33,44,1
982,10,14,16,18,27,28,4
983,13,14,26,28,30,36,37
984,2,8,17,24,29,31,32
985,2,17,19,24,37,41,3
986,4,16,20,33,40,43,7
987,3,4,16,20,28,44,17
988,1,2,15,19,24,36,12
989,12,14,24,26,34,45,41
990,3,10,13,22,31,32,29
991,7,9,12,14,23,28,17
992,3,12,33,36,42,45,25
993,1,2,3,9,12,23,10
994,10,15,18,21,34,41,43
995,15,19,21,34,41,44,10
996,8,10,13,36,37,40,6
997,5,21,27,34,44,45,16
998,4,8,9,16,17,19,31
999,7,22,29,33,34,35,30
1000,23,27,28,38,42,43,36
1001,13,15,18,24,27,41,11
1002,2,11,17,18,21,27,6
1003,5,10,13,27,37,41,4
1004,6,16,37,38,41,45,18
1005,11,24,32,33,35,40,13
1006,2,4,5,17,27,32,43
1007,2,7,13,25,42,45,39
1008,4,10,14,15,18,22,39
1009,11,17,21,26,36,45,16
1010,3,6,10,30,34,37,36
1011,7,8,10,19,21,31,20
1012,1,11,21,23,34,44,24
1013,6,7,19,21,41,43,38
1014,2,8,33,35,37,41,14
1015,20,30,33,35,36,44,22
1016,12,14,21,30,39,43,45
1017,1,28,35,41,43,44,31
1018,1,12,29,34,36,37,41
1019,4,8,13,19,20,43,26
1020,4,11,20,23,32,39,40
1021,2,11,19,25,28,32,44
1022,2,6,13,16,29,30,21
1023,2,7,27,33,41,44,10
1024,1,7,22,33,37,40,20
1025,2,5,15,18,19,23,44
1026,17,20,30,31,33,45,19
1027,11,15,24,35,37,45,42
1028,3,4,9,24,25,33,10
1029,10,18,30,36,39,44,32
1030,2,10,16,19,34,45,1
1031,2,12,19,24,39,44,35
1032,3,4,6,10,28,30,37
1033,1,6,17,22,28,45,23
1034,1,4,8,23,33,42,45
1035,10,28,31,33,41,44,21
1036,3,13,16,24,26,29,9
1037,3,10,14,16,36,38,35
1038,11,23,28,29,30,44,13
1039,4,5,8,16,21,29,3
1040,3,11,13,21,33,37,18
1041,2,5,8,11,33,39,31
1042,1,7,16,18,34,38,21
1043,4,18,26,33,34,38,14
1044,7,15,20,25,33,43,12
1045,1,6,11,28,34,42,30
1046,3,11,14,15,32,36,44
1047,15,27,33,35,43,45,16
1048,24,25,33,34,38,39,43
1049,7,17,19,30,36,38,34
1050,5,15,22,23,34,35,2
1051,1,8,10,13,28,42,45
1052,7,12,15,24,25,43,13
1053,6,7,12,28,38,40,18
1054,1,11,15,17,25,39,40
1055,6,13,20,27,28,40,15
1056,17,23,27,35,38,43,2
1057,21,24,27,29,43,44,7
1058,4,10,19,29,32,42,30
1059,3,5,7,14,26,34,35
1060,4,5,6,12,25,37,45
1061,12,15,24,36,41,44,42
1062,1,8,17,34,39,45,27
1063,1,8,11,15,18,45,7
1064,9,10,14,25,27,31,11
1065,7,10,17,29,33,44,5
1066,8,21,28,31,36,45,43
1067,7,9,10,13,31,35,24
1068,11,18,26,27,40,41,25
1069,7,8,20,29,33,38,9
1070,12,14,15,24,27,32,3
1071,15,17,25,37,42,43,13
1072,2,4,6,11,17,28,16
1073,5,6,11,17,38,44,13
1074,10,20,33,36,41,44,5
1075,3,5,8,19,38,42,20
1076,5,6,9,11,15,37,26
1077,2,3,12,20,27,38,40
1078,4,9,23,33,39,44,14
1079,7,18,19,27,29,42,45
1080,8,19,25,28,32,36,37
1081,10,14,19,39,40,43,23
1082,3,7,14,16,31,40,39
1083,7,37,38,39,40,44,18
1084,16,21,26,31,36,43,6
1085,5,6,26,27,38,39,1
1086,3,13,15,40,41,44,20
1087,11,12,16,26,29,44,18
1088,3,4,7,11,31,41,35
1089,3,21,22,33,41,42,20
1090,13,19,28,37,38,43,4
1091,5,16,21,23,24,30,29
1092,2,9,24,41,43,45,30
1093,1,4,16,26,40,41,31
1094,5,13,17,23,28,36,8
1095,15,24,31,32,33,40,13
1096,8,17,18,24,39,45,32
1097,11,18,21,36,37,43,12
1098,14,15,18,21,26,35,23
1099,6,15,22,23,25,32,40
1100,7,18,22,24,31,34,6
1101,3,16,22,37,38,44,23
1102,6,7,15,16,20,31,26
1103,11,13,25,26,29,33,32
1104,4,10,11,12,20,27,38
1105,9,12,19,20,39,41,13
1106,15,18,21,32,35,44,6
1107,1,2,4,23,31,34,8
1108,8,17,21,24,27,31,15
1109,19,28,31,38,43,44,1
1110,1,7,12,15,23,42,11
1111,2,9,22,25,31,45,12
1112,13,14,26,33,40,43,15
1113,3,6,7,20,21,39,13
1114,1,7,19,26,27,35,16
1115,7,13,30,39,41,45,25
1116,9,15,16,21,28,34,24
1117,1,2,6,16,19,42,9
1118,2,16,17,32,39,45,40
1119,6,8,13,30,35,40,21
1120,8,16,25,30,42,43,15
1121,4,5,11,12,24,27,28
1122,5,13,18,23,40,45,3
1123,10,17,18,19,23,27,35
1124,8,21,25,39,40,44,18
1125,7,8,11,16,41,44,35
1126,6,9,18,19,25,33,40
1127,2,22,27,33,36,37,14
1128,14,18,20,23,28,36,33
1129,4,8,27,34,39,40,13
1130,4,8,18,19,39,44,41
1131,8,14,23,36,38,39,13
1132,1,5,6,14,20,39,22
1133,1,2,7,9,10,38,42
1134,2,6,18,21,33,34,30
1135,2,19,25,26,27,43,28
1136,13,14,22,27,30,38,2
1137,2,16,19,31,34,35,37
